# Photometric calibration capture
# gain=100 (1.00x)
# num_images=29
# LINE_TIME_MS=0.013666666666666667
0 2 0.027333
1 3 0.041000
2 4 0.054667
3 5 0.068333
4 7 0.095667
5 9 0.123000
6 11 0.150333
7 15 0.205000
8 19 0.259667
9 24 0.328000
10 31 0.423667
11 40 0.546667
12 51 0.697000
13 66 0.902000
14 85 1.161667
15 109 1.489667
16 140 1.913333
17 179 2.446333
18 230 3.143333
19 295 4.031667
20 379 5.179667
21 487 6.655667
22 625 8.541667
23 802 10.960667
24 1030 14.076667
25 1322 18.067333
26 1697 23.192333
27 2178 29.766000
28 2796 38.212000
