# Inverse response function g(z) = ln(exposure_ms)
-16.1252488474
-15.4639436653
-14.8026384833
-14.1413333012
-13.4800281192
-12.8187229371
-12.1574177550
-11.4961125730
-10.8348073909
-10.1735022088
-9.5121970268
-8.8508918447
-8.1895866627
-7.5282814806
-6.8669762985
-6.2056711165
-5.5443659344
-4.8823781615
-4.2650767212
-3.7680267803
-3.3943312216
-3.1188195298
-2.9124766306
-2.7516465309
-2.6203969055
-2.5085337336
-2.4097076767
-2.3196369517
-2.2360302320
-2.1578107302
-2.0844300723
-2.0152180100
-1.9502831828
-1.8892481903
-1.8315333316
-1.7769292006
-1.7254134087
-1.6766662226
-1.6303960915
-1.5862243756
-1.5440211226
-1.5036760630
-1.4650900057
-1.4280571198
-1.3923200143
-1.3575535784
-1.3235813731
-1.2903738519
-1.2580629512
-1.2268035452
-1.1966785850
-1.1676038702
-1.1394419050
-1.1120234403
-1.0852916561
-1.0592365413
-1.0338028300
-1.0089629318
-0.9847769644
-0.9612806249
-0.9384101148
-0.9160382793
-0.8940798798
-0.8725342245
-0.8514826843
-0.8309201481
-0.8108536863
-0.7911942998
-0.7719060668
-0.7530058140
-0.7344600507
-0.7162763203
-0.6984484330
-0.6809335933
-0.6636944807
-0.6467272906
-0.6299739216
-0.6134243768
-0.5970566045
-0.5808950856
-0.5649487667
-0.5492592142
-0.5338262504
-0.5186696773
-0.5038198821
-0.4893017207
-0.4751155647
-0.4612236897
-0.4475986735
-0.4341986601
-0.4209986375
-0.4079861400
-0.3951051073
-0.3823158143
-0.3695903476
-0.3569196620
-0.3442900588
-0.3317177815
-0.3191600658
-0.3065950652
-0.2940293394
-0.2814861340
-0.2690155414
-0.2566348587
-0.2444141580
-0.2324405491
-0.2207335129
-0.2093590421
-0.1982989446
-0.1875051589
-0.1769379404
-0.1665923627
-0.1564410612
-0.1464593978
-0.1366055374
-0.1268312909
-0.1171089701
-0.1074360253
-0.0978103964
-0.0881928484
-0.0785361015
-0.0688063984
-0.0590020322
-0.0491442728
-0.0392643611
-0.0293726071
-0.0194910626
-0.0096886821
0.0000000008
0.0095362512
0.0188747313
0.0279577465
0.0367436565
0.0452554617
0.0535534741
0.0616822215
0.0697107568
0.0776623175
0.0855589349
0.0933820373
0.1011920402
0.1090223219
0.1169240618
0.1249218373
0.1329680468
0.1410007344
0.1489698806
0.1568591456
0.1646626358
0.1723870390
0.1800619808
0.1877065426
0.1953016507
0.2028193888
0.2102452081
0.2175575138
0.2247607374
0.2318956545
0.2389994817
0.2460784378
0.2531067368
0.2600752195
0.2669842994
0.2738209833
0.2805554941
0.2871893211
0.2937610843
0.3002830646
0.3067849751
0.3132706916
0.3197184685
0.3261027596
0.3324125350
0.3386309560
0.3447787907
0.3508880148
0.3569808312
0.3630728752
0.3691512406
0.3752145298
0.3812218994
0.3871511949
0.3930026577
0.3987846705
0.4045041203
0.4101866937
0.4158396257
0.4214847793
0.4271443692
0.4328476235
0.4385813495
0.4443403689
0.4501095020
0.4558762002
0.4616286040
0.4673918922
0.4731801290
0.4789767244
0.4847591859
0.4904727394
0.4961113926
0.5016771392
0.5071670991
0.5126066718
0.5179741202
0.5232524874
0.5284036498
0.5334571579
0.5384461022
0.5433967791
0.5483083955
0.5532150162
0.5580991144
0.5629499630
0.5677878899
0.5726370027
0.5774916069
0.5823223514
0.5871077737
0.5918476702
0.5965475116
0.6012359185
0.6059466182
0.6106987814
0.6155153278
0.6204056255
0.6253240976
0.6302233497
0.6350807584
0.6399158826
0.6447284089
0.6494999647
0.6542071056
0.6588389096
0.6633912717
0.6678626999
0.6722757668
0.6766527197
0.6810196704
0.6853940825
0.6897846936
0.6942211590
0.6987093042
0.7032426368
0.7078082151
0.7123943139
0.7170059323
0.7216240249
0.7262300229
0.7308345353
0.7354533702
0.7400970945
0.7447651018
0.7494554120
0.7541578314
0.7588602509
