# Second derivative of g
-0.0000000000
-0.0000000000
0.0000000000
0.0000000000
0.0000000000
0.0000000000
0.0000000000
0.0000000000
0.0000000000
0.0000000000
0.0000000000
0.0000000000
0.0000000000
0.0000000000
-0.0000000000
0.0000000000
0.0006825908
-0.0446863326
-0.1202514993
-0.1233543823
-0.0981838669
-0.0691687925
-0.0455127996
-0.0295804742
-0.0193864536
-0.0130371150
-0.0087553319
-0.0064640053
-0.0053872179
-0.0048388439
-0.0041685954
-0.0042772353
-0.0038998346
-0.0033201338
-0.0031107278
-0.0030883390
-0.0027686059
-0.0024770549
-0.0020984153
-0.0019684629
-0.0018581934
-0.0017590023
-0.0015531714
-0.0012957804
-0.0009706696
-0.0007942307
-0.0007646841
-0.0008966204
-0.0010514948
-0.0011344458
-0.0010502454
-0.0009127496
-0.0007435005
-0.0006866804
-0.0006766695
-0.0006214035
-0.0005938131
-0.0006539307
-0.0006896279
-0.0006258294
-0.0004986747
-0.0004134360
-0.0004127442
-0.0004941150
-0.0004890041
-0.0004960743
-0.0004070754
-0.0003711535
-0.0003879802
-0.0003544895
-0.0003620329
-0.0003558431
-0.0003130477
-0.0002757270
-0.0002719226
-0.0002138212
-0.0002038241
-0.0001817726
-0.0002062534
-0.0002151999
-0.0002567665
-0.0002565887
-0.0002763908
-0.0003067778
-0.0003316339
-0.0003320053
-0.0002942810
-0.0002668588
-0.0002250027
-0.0001999909
-0.0001875251
-0.0001314648
-0.0000917396
-0.0000638264
-0.0000547811
-0.0000410824
-0.0000573258
-0.0000145616
0.0000072849
0.0000007252
-0.0000225205
-0.0000726127
-0.0000899100
-0.0001599820
-0.0002470917
-0.0002665728
-0.0003325653
-0.0003143733
-0.0002663118
-0.0002265672
-0.0002216408
-0.0001942762
-0.0001696382
-0.0001278029
-0.0000796140
-0.0000519255
-0.0000493762
-0.0000473158
-0.0000080811
0.0000391990
0.0000729563
0.0000746630
0.0000533932
0.0000221523
0.0000118424
-0.0000102096
-0.0000791639
-0.0001136976
-0.0001524325
-0.0001977704
-0.0002554648
-0.0002971053
-0.0002741047
-0.0002137928
-0.0001692650
-0.0001002121
-0.0000769746
-0.0000549433
-0.0000735150
-0.0000130996
0.0000202789
0.0000714582
0.0000960356
0.0000484340
-0.0000135219
-0.0000635414
-0.0000798813
-0.0000857747
-0.0000790870
-0.0000494614
-0.0000303801
-0.0000494537
-0.0000773700
-0.0000919187
-0.0001135137
-0.0001090820
-0.0000683065
-0.0000310900
-0.0000248710
-0.0000506572
-0.0000598162
-0.0000594029
-0.0000723960
-0.0001021732
-0.0001006838
-0.0000620638
-0.0000497829
-0.0000200698
-0.0000161940
-0.0000379396
-0.0000634858
-0.0000745157
-0.0000913543
-0.0000705863
-0.0000386106
-0.0000164078
-0.0000007722
-0.0000136787
-0.0000150761
-0.0000559196
-0.0000780741
-0.0000778328
-0.0000694499
-0.0000625631
-0.0000368763
-0.0000296414
-0.0000077784
0.0000144363
0.0000436644
0.0000304717
0.0000252934
0.0000101137
-0.0000024349
-0.0000142944
0.0000108845
0.0000249485
0.0000083586
-0.0000141339
-0.0000689080
-0.0000749003
-0.0000729065
-0.0000757867
-0.0000503872
-0.0000721244
-0.0000890812
-0.0001272047
-0.0000976544
-0.0000645638
-0.0000382674
-0.0000390605
-0.0000049956
-0.0000225227
-0.0000332495
-0.0000129217
0.0000111858
0.0000054915
-0.0000238597
-0.0000453222
-0.0000455259
-0.0000400550
-0.0000114345
0.0000222927
0.0000414636
0.0000643831
0.0000737513
0.0000281745
-0.0000192201
-0.0000418433
-0.0000222846
-0.0000225978
-0.0000409706
-0.0000644149
-0.0000753368
-0.0000794420
-0.0000809339
-0.0000583612
-0.0000361141
-0.0000100021
0.0000074613
0.0000161990
0.0000458543
0.0000516797
0.0000451875
0.0000322456
0.0000205205
0.0000255197
0.0000064742
-0.0000120947
-0.0000014855
0.0000143224
0.0000248894
0.0000242831
0.0000223028
0.0000121093
0.0000000000
0.0000000000
