# First derivative of g
0.6613051821
0.6613051821
0.6613051821
0.6613051821
0.6613051821
0.6613051821
0.6613051821
0.6613051821
0.6613051821
0.6613051821
0.6613051821
0.6613051821
0.6613051821
0.6613051821
0.6613051821
0.6613051821
0.6616464775
0.6396446066
0.5571756906
0.4353727498
0.3246036252
0.2409272955
0.1835864995
0.1460398625
0.1215563986
0.1053446144
0.0944483910
0.0868387224
0.0809131108
0.0758000798
0.0712963601
0.0670734448
0.0629849098
0.0593749256
0.0561594948
0.0530599614
0.0501314890
0.0475086586
0.0452209235
0.0431874844
0.0412741563
0.0394655584
0.0378094716
0.0363849957
0.0352517707
0.0343693206
0.0335898632
0.0327592110
0.0317851534
0.0306921831
0.0295998375
0.0286183400
0.0277902150
0.0270751245
0.0263934495
0.0257444130
0.0251368047
0.0245129328
0.0238411535
0.0231834248
0.0226211728
0.0221651175
0.0217520274
0.0212985978
0.0208070382
0.0203144990
0.0198629242
0.0194738097
0.0190942429
0.0187230080
0.0183647469
0.0180058089
0.0176713635
0.0173769762
0.0171031514
0.0168602795
0.0166514569
0.0164586585
0.0162646456
0.0160539189
0.0158179357
0.0155612582
0.0152947684
0.0150031841
0.0146839783
0.0143521587
0.0140390155
0.0137584456
0.0135125148
0.0133000180
0.0131062600
0.0129467651
0.0128351629
0.0127573799
0.0126980761
0.0126501444
0.0126009402
0.0125649965
0.0125613581
0.0125653632
0.0125544656
0.0125068990
0.0124256377
0.0123006917
0.0120971548
0.0118403225
0.0115407535
0.0112172842
0.0109269416
0.0106805021
0.0104563981
0.0102484396
0.0100664824
0.0099177619
0.0098140534
0.0097482837
0.0096976328
0.0096492868
0.0096215884
0.0096371474
0.0096932250
0.0097670347
0.0098310628
0.0098688355
0.0098858329
0.0098866493
0.0098419625
0.0097455317
0.0096124667
0.0094373652
0.0092107476
0.0089344626
0.0086488576
0.0084049088
0.0082133799
0.0080786414
0.0079900480
0.0079240891
0.0078598599
0.0078165526
0.0078201423
0.0078660108
0.0079497577
0.0080219925
0.0080394486
0.0080009169
0.0079292056
0.0078463776
0.0077639467
0.0076996725
0.0076597518
0.0076198350
0.0075564231
0.0074717787
0.0073690625
0.0072577646
0.0071690704
0.0071193721
0.0070913917
0.0070536276
0.0069983909
0.0069387813
0.0068728819
0.0067855973
0.0066841689
0.0066027951
0.0065468717
0.0065119454
0.0064938135
0.0064667467
0.0064160340
0.0063470332
0.0062640982
0.0061831279
0.0061285294
0.0061010202
0.0060924302
0.0060852047
0.0060708273
0.0060353294
0.0059683326
0.0058903791
0.0058167378
0.0057507313
0.0057010116
0.0056677527
0.0056490428
0.0056523717
0.0056814221
0.0057184902
0.0057463727
0.0057640763
0.0057679156
0.0057595510
0.0057578460
0.0057757625
0.0057924161
0.0057895284
0.0057480075
0.0056761033
0.0056021999
0.0055278533
0.0054647663
0.0054035105
0.0053229078
0.0052147648
0.0051023353
0.0050212262
0.0049698106
0.0049311466
0.0049091186
0.0048953595
0.0048674734
0.0048443878
0.0048435198
0.0048518585
0.0048426744
0.0048080834
0.0047626594
0.0047198689
0.0046941242
0.0046995533
0.0047314315
0.0047843548
0.0048534220
0.0049043849
0.0049088621
0.0048783304
0.0048462664
0.0048238252
0.0047920411
0.0047393483
0.0046694725
0.0045920831
0.0045118951
0.0044422476
0.0043950099
0.0043719518
0.0043706814
0.0043825116
0.0044135383
0.0044623053
0.0045107389
0.0045494555
0.0045758385
0.0045988586
0.0046148555
0.0046120453
0.0046052552
0.0046116737
0.0046312796
0.0046558658
0.0046791588
0.0046963648
0.0047024195
0.0047024195
